112227777
11111127455
991124445
699-1-1455
698-1-1101010
6883310101
68330111
68300001

112225557
11111125457
991124447
699-1-1477
698-1-1101010
6883310101
68330111
68300001

110000387
11111103387
991133887
699-1-1877
694-1-1101010
6444210101
65452111
65552221

110000387
11111103387
991133887
699-1-1877
694-1-1101010
6444110102
65451112
65551222

1111966666
211999455
2111194445
222-1-1455
778-1-1101010
7883310101
78330111
78300001

1111966666
011999455
0111194445
003-1-1455
033-1-1101010
3388210101
88872111
77772221

1111966666
011999455
0111194445
003-1-1455
033-1-1101010
3388110102
88871112
77771222

10101035550
1010335150
113311100
111111-1-1140
9911-1-1444
29988847
29887777
22266666

10101022206
10101128006
11111128806
1133-1-1806
339-1-1846
39991444
79111545
77771555

10101090000
10104999011
64449111111
684-1-11133
688-1-1337
61825357
61825557
11122277

10101077776
1010000076
55501116
545-1-1186
444-1-1186
2491111388
299911338
2229111133

10101066666
1010000077
55501117
545-1-1187
444-1-1187
2491111388
299911338
2229111133

10101092226
101099111126
555991126
545-1-111116
444-1-1336
14777733
11188703
18880000

10101077771
10104711111
34441111111
334-1-18116
933-1-1806
99928806
59528006
55522206

10101077771
10104711111
34441111111
334-1-15115
033-1-1555
00988222
09998882
09666662

99331116
09933186
0911113186
0011-1-1886
01111-1-1846
77772444
10101072545
1010222555

77772555
10101072545
1010222444
01111-1-1846
0011-1-1886
0911113186
09933186
99331116

77771010100
73311101000
33811111110
388-1-11110
289-1-1111
28999455
22294445
66666455

71010104222
7101044492
71114992
771-1-11199
551-1-1111111
500003311
55088833
66666883

78866666
79888455
79994445
779-1-1455
222-1-1101010
211113310101
211330111
1111300001

78966666
78999455
78894445
778-1-1455
222-1-1101010
211113310101
211330111
1111300001

77866666
78833455
78334445
783-1-1455
11119-1-1101010
21199910101
2111190111
22200001

77455222
7444521111
794552118
799-1-111118
990-1-1388
00003381
10101033111
1010666661

77455222
7444521111
784552110
781-1-111110
881-1-1300
81113390
10101033999
1010666669

77455222
7444521111
784552116
781-1-111116
881-1-1336
81113396
10101003996
1010000099

77101010222
7910105552
799951152
749-1-1111111
444-1-13311
14000033
11108883
16666688

77331010100
73311101000
73811111110
788-1-11110
289-1-1111
28999455
22294445
66666455

77101010455
6710104445
67222455
672-1-111110
682-1-11100
6813111190
88133990
81113399

66666877
55433887
54443387
554-1-1387
11119-1-1101010
21199910101
2111190111
22200001

66666222
5543311112
544433112
554-1-131111
788-1-1101010
7988810101
79990111
77900001

66666222
5543311112
544433112
554-1-131111
789-1-1101010
7899910101
78890111
77800001

6666691111
554999112
5444911112
554-1-1222
778-1-1101010
7883310101
78330111
78300001

66666101010
5543310100
54443300
554-1-1390
771-1-1990
721111199
72188111111
722288811

66666987
55499987
54449887
554-1-1877
222-1-1101010
211113310101
211330111
1111300001

66666887
55488897
54449997
554-1-1977
222-1-1101010
211113310101
211330111
1111300001

66666222
55510101092
5451010992
444-1-11199
041-1-1111111
001113311
07188833
07777883

66666455
22294445
28999455
289-1-1111
883-1-11117
83311111117
330111010107
0000101077

61010104222
6101044492
61114992
681-1-1099
681-1-1055
8831111005
833117055
3311117777

61010104222
6101044492
61114992
681-1-1099
681-1-1077
8831111007
833115057
3311115557

61010107777
6101000007
61110555
681-1-1545
681-1-1444
8831111942
833119992
3311119222

6111137777
681133997
6811113399
688-1-1290
648-1-1200
44422210
54510101010
5551010111

62221101010
62111101011
62991111111
699-1-11133
649-1-1330
44488300
54578880
55577770

61222101010
61112101011
61992111111
699-1-11133
649-1-1330
44488300
54578880
55577770

61117777
68110101097
6811010999
688-1-1933
648-1-1330
444211300
54521111110
555222110

61110000
681101010011
6811010111111
688-1-11177
648-1-1337
44423397
54523997
55522299

61113399
68133990
6813111190
688-1-11100
648-1-111110
44477772
54510101072
5551010222

61010104222
6101044492
61114992
601-1-1899
601-1-1877
0011113887
505113387
5551111337

61010104222
6101044492
61114992
601-1-11199
601-1-1111111
008883311
50578833
55577773

5551111336
595113386
9911113886
199-1-1806
111-1-1806
11010104002
7101044402
77774222

5551111336
595113306
9911113006
199-1-1806
111-1-1806
11010104882
7101044482
77774222

5551111222
505111010102
601111101042
600-1-1444
608-1-1943
61899933
61889337
11187777

5551111222
505111010102
601111101042
600-1-1444
608-1-1947
61899937
61889337
11183377

55566666
54510101033
4441010330
849-1-1300
899-1-111110
889912110
7811121111
77771222

55577772
54510101072
4441010222
648-1-111110
688-1-11100
6813111190
68133990
61113399

22266666
2111133455
211334445
11113-1-1455
788-1-1101010
7988810101
79990111
77900001

22266666
2111133455
211334445
11113-1-1455
789-1-1101010
7899910101
78890111
77800001

222111101010
2111111110103
211911133
999-1-1336
094-1-1776
04445576
00488576
08885576

2221111977
255119997
2511113397
155-1-1337
111-1-1430
18884440
10101088400
1010666660

21010103306
2101033006
2223111106
111-1-11106
719-1-111116
71999455
78894445
77888455

11147777
01444337
01849933
008-1-1993
088-1-191111
585101010112
555101011112
66666222

11143377
01444337
01849937
008-1-1997
088-1-191111
585101010112
555101011112
66666222

01010105556
0101035456
00334446
033-1-1496
771-1-1996
721111199
72188111111
722288811

01010107777
0101037222
00331112
033-1-1182
554-1-1188
5444911118
554999118
6666691111

05551010103
0515101033
001113311
041-1-1111111
444-1-11199
74888992
77778892
66666222

06666655
00338885
03388155
0311-1-1111
111111-1-1199
111010104992
7101044492
77774222

