11111010103000017777
211101093301117455
21111999338814445
222966666888455

11111010103000015557
211101093301115457
21111999338814447
222966666888477

11111010109330000455
211101099933104445
21111798883111455
222777788166666

11111010103380000455
211101033988104445
21111739998111455
222777798166666

11111010103390000455
211101033999104445
21111738889111455
222777788166666

11111010100000111455
211101033088914445
21111338889917455
222366666997777

11111010100000111477
211101033088914447
21111338889915457
222366666995557

1111101055888477770
211101058894443170
211111055999433100
222666669331110

1111101016666688877
211101011193884557
211111010993344457
222000099334557

11119888666661010103
211999881554101033
21111901115444337
222000015547777

11119888666661010107
211999881554101037
21111901115444337
222000015543377

11119666661010107777
211999388101017455
21111933088814445
222330000111455

11119666661010105557
211999388101015457
21111933088814447
222330000111477

11118887777000055
2119988317401010105
2111199331444101055
222933111466666

11118887777101010455
211998831710104445
21111993310000455
222933111066666

11118881113366666
2119988133101010455
2111199013710104445
222900007777455

11118997777000055
2118899317401010105
2111189331444101055
222833111466666

11118997777101010455
211889931710104445
21111893310000455
222833111066666

11118991113366666
2118899133101010455
2111189013710104445
222800007777455

11118331110000455
211883311010094445
2111187311010999455
2228777710966666

11118330000455101010
211883309444510101
21111873999455111
222877779666661

11118111993366666
2118819933101010455
2111181093710104445
222800007777455

1111800004666661010
211881044455931010
211118111475993310
222817777559933

11118000011010107777
211880331101097455
21111833111994445
222836666699455

11118000011010105557
211880331101095457
21111833111994447
222836666699477

11118000011010107777
211880331101047955
21111833111444995
222836666649955

11118000011010105557
211880331101045957
21111833111444997
222836666649977

11117777466666101010
211755444993310101
21111588499330111
222558889300001

1111777740000311010
211755444903311010
211115884993311110
222558889966666

11116666688337777
2111118883397455
21111110101003994445
22211010000099455

11116666688335557
2111118883395457
21111110101003994447
22211010000099477

11116666688337777
2111118883347955
21111110101003444995
22211010000049955

11116666688335557
2111118883345957
21111110101003444997
22211010000049977

11116666610101099455
211111331010994445
21111133888097455
222138800007777

11116666610101099477
211111331010994447
21111133888095457
222138800005557

11116666610101049955
211111331010444995
21111133888047955
222138800007777

11116666610101049977
211111331010444997
21111133888045957
222138800005557

11116666610101099455
211111331010994445
21111133088897455
222130000887777

11116666610101099477
211111331010994447
21111133088895457
222130000885557

11116666610101049955
211111331010444995
21111133088847955
222130000887777

11116666610101049977
211111331010444997
21111133088845957
222130000885557

11115551010103887777
211515101033488897
21111111334440999
222166666400009

11113887777666669
211338884711010999
2111133044411010595
2220000411110555

101010559940000222
101011599444088312
111111559748883312
1166666777733111

101010559940000111
101011599444088312
111111559748883312
1166666777733222

101010554990000222
101011544499088312
111111554798883312
1166666777733111

101010554990000111
101011544499088312
111111554798883312
1166666777733222

101010555777788899
101011505713884992
111111000013344492
1166666111334222

101010666669331110
101011255999433100
111111258894443170
1122255888477770

101010000099334557
101011210993344457
111111211193884557
1122216666688877

101010666665588899
101011331115884992
111111033175544492
1100003177774222

101010311188866666
101033915548811222
733991544401111112
7777995540000112

101010311166666222
1010339155488811112
7339915444088112
77779955400001111

101010388666661222
1010334888911111112
7334440999515112
77774000095551111

101010366666111222
1010334888111115592
7334440881115992
77774000011115599

101010366666111555
1010334888111112595
7334440881112999
77774000011112229

10101036666688891111
101033455188999112
73344451110911112
777745510000222

1010103111666664222
10103311111115544492
7331110115884992
777700005588899

1010554888666661111
101054443889111112
710554330999111112
777733000091222

101055466666111222
10105444391111111112
71055433990188112
777733990000888

10105546666618222
1010544439111811112
71055433990188112
77773399000081111

1010222888111190000
101023884551199901
710233444511119111
777733455666661

101088877770000112
10109988317401111112
51059933144411222
555933111466666

101089977770000112
10108899317401111112
51058933144411222
555833111466666

1010777788311114222
101071888331144492
510511133111104992
555166666000099

10100000988833222
1010111104999883312
51051144497777312
55511114666667111

10100000988833111
1010111104999883312
51051144497777312
55511114666667222

99888550000311010
2994885111103311010
29444557113311110
22247777111166666

9988866666117777
299488311111117555
2944433111101010505
22243311110100000

9988811117777311010
299488117553311010
294440111153311110
222400005566666

99331114111177770
2993314441171010100
2988315451111101000
222888555666660

990000111888101010
2994011111883310107
2944411515337777
22241111555366666

988833111466666
9998833144411222
595101010317401111112
555101077770000112

966666777740000
9991010107134440112
59510108813341111112
5558881113311222

8822277773311111010
188825597433111010
111025994443111110
100005599466666

8822277773311111010
188825547933111010
111025444993111110
100005549966666

8822275553311111010
188827595433111010
111027994443111110
100007799466666

8822275553311111010
188827545933111010
111027444993111110
100007749966666

8822266666411111010
188825593444111010
111025993347111110
100005599337777

888997777000055
2118899317401010105
21111119331444101055
2221133111466666

888997777101010455
211889931710104445
211111193310000455
2221133111066666

888991113366666
2118899133101010455
21111119013710104445
2221100007777455

888331110000455
211883311010094445
21111117311010999455
22211777710966666

888330000455101010
211883309444510101
211111173999455111
2221177779666661

888111993366666
2118819933101010455
21111111093710104445
2221100007777455

88800004666661010
211881044455931010
2111111111475993310
2221117777559933

888000011010107777
211880331101097455
211111133111994445
2221136666699455

888000011010105557
211880331101095457
211111133111994447
2221136666699477

888000011010107777
211880331101047955
211111133111444995
2221136666649955

888000011010105557
211880331101045957
211111133111444997
2221136666649977

7777331111101088222
559743311101018882
599444311111011102
559946666610000

7777331111101022288
559743311101028881
599444311111020111
559946666600001

7777331111101010000
559743311101011102
599444311111018882
559946666688222

7777331111101000001
559743311101020111
599444311111028881
559946666622288

7777000033888112
559740133881111112
5994441310101011222
55994111101066666

7777331111101088222
554793311101018882
544499311111011102
554996666610000

7777331111101022288
554793311101028881
544499311111020111
554996666600001

7777331111101010000
554793311101011102
544499311111018882
554996666688222

7777331111101000001
554793311101020111
544499311111028881
554996666622288

7777000033888112
554790133881111112
5444991310101011222
55499111101066666

77771111966666101010
554711199938810102
54441111190338882
554111000033222

7777996666611222
55471993311111121010
544419330118821010
5541113000088810

777788866666222
5547198811113321010
544419991133021010
554111911113000010

7777666663311222
554711010103391111112
544411010039988112
554111000099888

777766666338222
55471101010339811112
544411010039988112
55411100009981111

777766666339222
55471101010339911112
544411010038899112
55411100008881111

7777000033888112
554710933881111112
5444199310101011222
55411199101066666

777722288866666
5547233111188911010
544420331199911010
554000031111911110

77773311119888222
5557433119998812
50544431111910101012
00004666661010111

77773311119888111
5557433119998812
50544431111910101012
00004666661010222

77778810101035551111
798884101033515112
99904443311111112
900004666661222

777733111101010222
788843311110105592
880444311111115992
0000466666115599

777733111101010555
788843311110102595
880444311111112999
0000466666112229

710101033111466666
710103399144411222
788399515401111112
7788895550000112

710101033555966666
710103345159911222
788344419901111112
7788841110000112

710101033222666661
7101033455211119111
7883444521199901
77888455111190000

78555101010311114222
785151010331144492
78811133111104992
778166666000099

7800002223311111010
789901255433111010
788991254443111110
778911155466666

7555331111101088222
759543311101018882
799444311111011102
779946666610000

7555331111101022288
759543311101028881
799444311111020111
779946666600001

7555331111101010000
759543311101011102
799444311111018882
779946666688222

7555331111101000001
759543311101020111
799444311111028881
779946666622288

7555000033888112
759540133881111112
7994441310101011222
77994111101066666

7555331111101088222
754593311101018882
744499311111011102
774996666610000

7555331111101022288
754593311101028881
744499311111020111
774996666600001

7555331111101010000
754593311101011102
744499311111018882
774996666688222

7555331111101000001
754593311101020111
744499311111028881
774996666622288

7555000033888112
754590133881111112
7444991310101011222
77499111101066666

75551111966666101010
754511199938810102
74441111190338882
774111000033222

7555996666611222
75451993311111121010
744419330118821010
7741113000088810

755588866666222
7545198811113321010
744419991133021010
774111911113000010

7555666663311222
754511010103391111112
744411010039988112
774111000099888

755566666338222
75451101010339811112
744411010039988112
77411100009981111

755566666339222
75451101010339911112
744411010038899112
77411100008881111

7555000033888112
754510933881111112
7444199310101011222
77411199101066666

755522288866666
7545233111188911010
744420331199911010
774000031111911110

72221111888466666
725511889444311010
7251111099943311010
7755000093311110

72221111988866666
725511999488311010
7251111904443311010
7755000043311110

7799888110101011222
79988331101041111112
7595331114440112
755536666640000

77994111166666101010
799444111113310102
75954011111338882
755500001388222

7799411133888112
799444133881111112
7595401310101011222
75550000101066666

778889955466666
788119925444311010
71111110925543311010
71100002223311110

778884559966666
788114445299311010
71111110455293311010
71100002223311110

77811119955466666
788119925444311010
7811110925543311010
7800002223311110

77811114559966666
788114445299311010
7811110455293311010
7800002223311110

7788866666119222
755488311111119992
7544433111101010902
75543311110100000

77499111166666101010
744499111113310102
75459011111338882
755500001388222

7749911133888112
744499133881111112
7545901310101011222
75550000101066666

7748866666911222
744488813991111112
7545101010133990112
75551010111330000

7741111166666101010
74441911111138810102
7545199011338882
755599000033222

7741113000011222
74441933011111121010
754519933118821010
7555996666688810

774111966666222
7444199911113321010
754519881133021010
755588811113000010

7741119933888112
744419933881111112
7545109310101011222
75550000101066666

774111966666101010
7444199111138810102
7545109911338882
75550000111133222

7740000110101011222
74440331101091111112
7545331119988112
755536666699888

774000011010108222
7444033110109811112
7545331119988112
75553666669981111

774000011010109222
7444033110109911112
7545331118899112
75553666668881111

77554111188866666
725444119988311010
7255401111993311010
7222000093311110

77554111189966666
725444118899311010
7255401111893311010
7222000083311110

775548889966666
725444118899311010
72554011111193311010
72220000113311110

666664111888222
77774441111138892
1010107045151133992
1010000055511113399

6666641111101088222
559344411101018882
599334711111011102
559933777710000

6666641111101022288
559344411101028881
599334711111020111
559933777700001

6666641111101010000
559344411101011102
599334711111018882
559933777788222

6666641111101000001
559344411101020111
599334711111028881
559933777722288

666661810101033222
5541118101033911112
5444018873999112
55400008777791111

6666611777788899
555111111713884992
5051110101013344492
00001010111334222

66666411119888222
5553444119998812
50533471111910101012
00003377771010111

66666411119888111
5553444119998812
50533471111910101012
00003377771010222

666668881111010103
222118845519101033
211111104445199337
2110000455997777

666668881111010107
222118845519101037
211111104445199337
2110000455993377

6666611119941111010
277771199444131010
278811115954013310
222888555000033

6666611114991111010
277771144499131010
278811115459013310
222888555000033

6666611114111991010
277771144419931010
278811115451093310
222888555000033

5599888110101011222
59988331101041111112
5597331114440112
777736666640000

55994111166666101010
599444111113310102
55974011111338882
777700001388222

5599411133888112
599444133881111112
5597401310101011222
77770000101066666

55499111166666101010
544499111113310102
55479011111338882
777700001388222

5549911133888112
544499133881111112
5547901310101011222
77770000101066666

5548866666911222
544488813991111112
5547101010133990112
77771010111330000

5541111166666101010
54441911111138810102
5547199011338882
777799000033222

5541113000011222
54441933011111121010
554719933118821010
7777996666688810

554111966666222
5444199911113321010
554719881133021010
777788811113000010

5541119933888112
544419933881111112
5547109310101011222
77770000101066666

554111966666101010
5444199111138810102
5547109911338882
77770000111133222

5540000110101011222
54440331101091111112
5547331119988112
777736666699888

554000011010108222
5444033110109811112
5547331119988112
77773666669981111

554000011010109222
5444033110109911112
5547331118899112
77773666668881111

559910101040000222
599111010444088312
559111111748883312
6666611777733111

559910101040000111
599111010444088312
559111111748883312
6666611777733222

55993310101110000
5993341010211111088
55934441021118887
66666422211117777

55488811110000101010
544498811330210101
55499971111332111
666669777732221

55488811110000101010
544498811330110102
55499971111331112
666669777731222

55488877771111101010
544498833711210101
55499933011112111
666669300002221

55488877771111101010
544498833711110102
55499933011111112
666669300001222

554888000033101010
544498801133210101
554999111111372111
6666691177772221

554888000033101010
544498801133110102
554999111111371112
6666691177771222

554000088833101010
544490881133210101
554999111111372111
6666691177772221

554000088833101010
544490881133110102
554999111111371112
6666691177771222

55400008111133101010
544490881133210101
55499981111372111
666669877772221

55400008111133101010
544490881133110102
55499981111371112
666669877771222

554000010101033888
544490110103388112
554999111371111112
6666691777711222

55400001010103381111
544490110103388112
55499911137811112
666669177778222

55400009111133101010
544409991133210101
55488891111372111
666668877772221

55400009111133101010
544409991133110102
55488891111371112
666668877771222

5551010101113311222
59510108813341111112
9998887134440112
966666777740000

555111666661010103
5952111118884101033
9992111880444337
92221111000047777

555111666661010107
5952111118884101037
9992111880444337
92221111000043377

55510101038877771111
595101043388817112
99904443311111112
900004666661222

555101010777799888
505101047139988112
000044413391111112
6666641113311222

55510101077779981111
505101047139988112
00004441339811112
666664111338222

55510101077778881111
505101047138899112
00004441339911112
666664111339222

22288777755511010
2111198884753511010
21199904443311110
11119000043366666

222000033111455
21111901010103314445
211999101088317455
11119666668887777

222000033111477
21111901010103314447
211999101088315457
11119666668885557

222900003366666
21111990133101010455
211998813710104445
11118881117777455

222911188866666
21111991554883101010
211990154443310107
11110000554337777

222800003366666
21111890133101010455
211889913710104445
11118991117777455

222877770000455
2111187311010094445
211883311010999455
111183311110966666

222866666337777
21111811010103397455
211881101003994445
11118111000099455

222866666335557
21111811010103395457
211881101003994447
11118111000099477

222866666337777
21111811010103347955
211881101003444995
11118111000049955

222866666335557
21111811010103345957
211881101003444997
11118111000049977

222800003366666
21111810933101010455
211881993710104445
11118111997777455

222800009966666
21111810455993101010
211881444593310107
11118111455337777

22289777755511010
2111189994753511010
21188094443311110
11118000043366666

22281777755991010
2111181114759931010
21188104445593310
11118000046666633

222666661111010103
2111188845519101033
2118804445199337
11110000455997777

222666661111010107
2111188845519101037
2118804445199337
11110000455993377

222101010433991110
2111110104443399100
2117777488395150
11117666668885550

222101010433111955
2111110104443319995
2117777488319055
11117666668880000

222101010433111990
2111110104443319900
2117777488315950
11117666668885550

222666668885550
21111101010488395150
211710104443399100
11117777433991110

222666668885550
21111101010488315950
211710104443319900
11117777433111990

222666668880000
21111101010488319055
211710104443319995
11117777433111955

222166666881010103
2111111198884101033
2115159990444337
11115559000047777

222166666881010107
2111111198884101037
2115159990444337
11115559000043377

222000099455101010
2111133099444510101
2113388897455111
11113887777666661

222000049955101010
2111133044499510101
2113388847955111
11113887777666661

222888666665550
29883111110101045150
299331171010444100
99331111777741110

22288855577771010
2988315451111071010
29933144411000010
99331114111166666

222888555666660
29883154511111010100
299331444117101000
99331114111177770

222111666661010103
2955111118884101033
2995111880444337
99551111000047777

222111666661010107
2955111118884101037
2995111880444337
99551111000043377

2224666661111010103
29444551111111101033
2994885110111337
998885500007777

2224666661111010107
29444551111111101037
2994885110111337
998885500003377

222433111666660
2944433111111010550
299488317111010500
998887777111110550

22241111101010355587
294441110103351587
29940111133111887
990000666661877

222411185566666
2944418853311111010
299401875533111010
990000877773111110

2221100003366666
211111190133101010455
211889913710104445
888991117777455

2221177770000455
21111117311010094445
211883311010999455
8883311110966666

2221166666337777
211111111010103397455
211881101003994445
888111000099455

2221166666335557
211111111010103395457
211881101003994447
888111000099477

2221166666337777
211111111010103347955
211881101003444995
888111000049955

2221166666335557
211111111010103345957
211881101003444997
888111000049977

2221100003366666
211111110933101010455
211881993710104445
888111997777455

2221100009966666
211111110455993101010
211881444593310107
888111455337777

222119777755511010
21111119994753511010
21188094443311110
888000043366666

222111777755991010
21111111114759931010
21188104445593310
888000046666633

22288855500001010
2788111159540131010
27777119944413310
66666111199411133

22288855500001010
2788111154590131010
27777114449913310
66666111149911133

22288855500001010
2788111154510931010
27777114441993310
66666111141119933

22211117777888455
211010117338894445
2110101111033999455
1111000003966666

22233111190000455
211010331199904445
2110107311119888455
1111077778866666

22233111180000455
211010331188094445
2110107311118999455
1111077778966666

222338880000455
211010331188094445
21101073111111999455
11110777711966666

222330000888455
211010331108894445
21101073111111999455
11110777711966666

22200001111888455
211010033118894445
2110103311117999455
1111037777966666

22290000310107777
219991103310107455
2191111113388104445
1111166666888455

22290000310105557
219991103310105457
2191111113388104447
1111166666888477

222110000310107777
21911111103310107455
21999113388104445
111966666888455

222110000310105557
21911111103310105457
21999113388104447
111966666888477

2223310105541111877
213391010544411887
213999105540111187
111966666000087

22233101055488877
213391010544411887
2139991055401111117
1119666660000117

22210101011110000455
213101099118804445
21339971111888455
111339777766666

22210101000001111455
213101099088114445
21339988811117455
111339666667777

22210101000001111477
213101099088114447
21339988811115457
111339666665557

222101010477770000
213101044499711505
213388499111111555
1113388891166666

222101010666667777
2131010888911117455
2133880999114445
11133000091111455

222101010666665557
2131010888911115457
2133880999114447
11133000091111477

222101010777766666
2131010471111988855
2133444119990885
11133411119000055

222101010666669955
2131010400001111995
2133444088117955
11133488811117777

222101010666669977
2131010400001111997
2133444088115957
11133488811115557

22210101088891111455
213101088999114445
21330000911117455
111330666667777

22210101088891111477
213101088999114447
21330000911115457
111330666665557

2225550000411111010
213595880444111010
213399988847111110
111339666667777

2220000411111010555
213880444111010595
213388847111110999
111337777666669

222000099101010455
213880991110104445
213388891111117455
1113366666117777

222000099101010477
213880991110104447
213388891111115457
1113366666115557

2228877773311111010
288815597433111010
201115994443111110
000015599466666

2228877773311111010
288815547933111010
201115444993111110
000015549966666

2228875553311111010
288817595433111010
201117994443111110
000017799466666

2228875553311111010
288817545933111010
201117444993111110
000017749966666

2228866666411111010
288815593444111010
201115993347111110
000015599337777

2221111188866666
211111191554883101010
211099154443310107
000099554337777

222119777755511010
21111119994753511010
21108894443311110
000088843366666

2110000777799888
211111104713998855
2221144413391010105
66666411133101055

21010103311141111877
210103399144411887
22239951540111187
666669555000087

210101033111488877
210103399144411887
222399515401111117
6666695550000117

21010103355511117777
210103395451118887
22239944411111088
666669941110000

21010103355511117777
210103345951118887
22234449911111088
666664991110000

21010103355511117777
210103345151198887
22234441111199088
666664111990000

21010103355511119877
210103345151199887
22234441111109987
666664111000087

21010103355511117777
210103345159118887
22234441991111088
666664111990000

21010103355591111877
210103345159911887
22234441990111187
666664111000087

210101033555988877
210103345159911887
222344419901111117
6666641110000117

1000077773311111010
111025597433111010
188825994443111110
882225599466666

1000077773311111010
111025547933111010
188825444993111110
882225549966666

1000075553311111010
111027595433111010
188827994443111110
882227799466666

1000075553311111010
111027545933111010
188827444993111110
882227749966666

1000066666411111010
111025593444111010
188825993347111110
882225599337777

166666101010332227
1119111110103345527
1099911883444527
00009111188845577

11111117777888455
211010117338894445
2110101111033999455
2221000003966666

11133111190000455
211010331199904445
2110107311119888455
2221077778866666

11133111180000455
211010331188094445
2110107311118999455
2221077778966666

111338880000455
211010331188094445
21101073111111999455
22210777711966666

111330000888455
211010331108894445
21101073111111999455
22210777711966666

11100001111888455
211010033118894445
2110103311117999455
2221037777966666

11190000310107777
219991103310107455
2191111113388104445
2221166666888455

11190000310105557
219991103310105457
2191111113388104447
2221166666888477

111110000310107777
21911111103310107455
21999113388104445
222966666888455

111110000310105557
21911111103310105457
21999113388104447
222966666888477

1113310105541111877
213391010544411887
213999105540111187
222966666000087

11133101055488877
213391010544411887
2139991055401111117
2229666660000117

11110101011110000455
213101099118804445
21339971111888455
222339777766666

11110101000001111455
213101099088114445
21339988811117455
222339666667777

11110101000001111477
213101099088114447
21339988811115457
222339666665557

111101010477770000
213101044499711505
213388499111111555
2223388891166666

111101010666667777
2131010888911117455
2133880999114445
22233000091111455

111101010666665557
2131010888911115457
2133880999114447
22233000091111477

111101010777766666
2131010471111988855
2133444119990885
22233411119000055

111101010666669955
2131010400001111995
2133444088117955
22233488811117777

111101010666669977
2131010400001111997
2133444088115957
22233488811115557

11110101088891111455
213101088999114445
21330000911117455
222330666667777

11110101088891111477
213101088999114447
21330000911115457
222330666665557

1115550000411111010
213595880444111010
213399988847111110
222339666667777

1110000411111010555
213880444111010595
213388847111110999
222337777666669

111000099101010455
213880991110104445
213388891111117455
2223366666117777

111000099101010477
213880991110104447
213388891111115457
2223366666115557

0000992223311111010
880991255433111010
788891254443111110
777711155466666

000088811010107777
211088331101097455
211111133111994445
2221136666699455

000088811010105557
211088331101095457
211111133111994447
2221136666699477

000088811010107777
211088331101047955
211111133111444995
2221136666649955

000088811010105557
211088331101045957
211111133111444997
2221136666649977

000045588866666
211044459988311010
21111114557993311010
22211777793311110

000045589966666
211044458899311010
21111114557893311010
22211777783311110

000011188866666
20911111554883101010
299911154443310107
22291111554337777

00008881111455101010
209883311444510101
29993311117455111
222937777666661

0000177773311111010
201115597433111010
288815994443111110
222885599466666

0000177773311111010
201115547933111010
288815444993111110
222885549966666

0000175553311111010
201117595433111010
288817994443111110
222887799466666

0000175553311111010
201117545933111010
288817444993111110
222887749966666

0000166666411111010
201115593444111010
288815993347111110
222885599337777

010105541113311222
01010544413391111112
00105547139988112
066666777799888

01010554111338222
0101054441339811112
00105547139988112
06666677779981111

01010554111339222
0101054441339911112
00105547138899112
06666677778881111

07777111141113399
0710101011444133992
0010101111545138892
066666555888222

06666655511113399
0010101045151133992
0710104441111138892
077774111888222

011133555222111010
00133954521111111010
07139944421188810
077779946666688

011133101011666669
00133410101111112999
07134441088112595
077774888222555

011133101011222555
00133410101111112595
07134441088112999
077774888666669

01113310105599888
001334101059988112
0713444105591111112
0777746666611222

0111331010559981111
001334101059988112
071344410559811112
077774666668222

0111331010558881111
001334101058899112
071344410559911112
077774666669222

01113310102228889
001334101021188999
0713444102111111595
0777746666611555

011133101022211555
00133410102111111595
07134441021188999
077774666668889

011133555222111010
00133459521111111010
07134449921188810
077774996666688

011147777222111010
00144439721111111010
05154339921188810
055533996666688

